32 32
13331010211031132023120333113130
01321300320103100133213233202120
22023001032102220203023032130303
23101102322103331322023010013330
03122133300003030303033103103220
22101203121303103300213222021001
33300031012001202312031212230113
01012100213102101211023133102012
31323320131032322332001333303123
11212103022023000313231333211311
00103322010332112012030121131010
33030302220033330202131322323012
00320303000323320320000102222122
23213031332023230102033233000112
01233103230020123312303101120133
02122031131302011003110101123123
31000011023130013002101301223231
03103200133133101023001130233132
33113002310200020332332312010023
22130203122000223022321112331130
23123313122032010210303311033303
23110130320011101232233023330201
13232202132010123110311310221131
20133332003331023302330331033111
01301221213022330030333022331001
33102110303033011000232330321332
11230201303322013213320301320333
00113133001210002212011133313321
12112123033301312100133231003030
32203133033203220320120210032301
21111112223130220022103221030120
32030213000032131332320133013030
13331010211031132023120333113130
01321300320103100133213233202120
22023001032102220203023032130303
23101102322103331322023010013330
03031221333000030303033103103220
02221120312130310330132220210010
33300310120012023120312122301130
01012100213102101211023133102012
31323320131032322332001333303123
11212103022023000313231333211311
00103322010332112012030121131010
33030302220033330202131322323012
00320303000323320320000102222122
23213031332023230102033233000112
01233103230020123312303101120133
02122031131302011003110101123123
31000011023130013002101301223231
03103200133133101023001130233132
33113002310200020332332312010023
22130203122000223022321112331130
23123313122032010210303311033303
23110130320011101232233023330201
13232202132010123110311310221131
20133332003331023302330331033111
01301221213022330030333022331001
33102110303033011000232330321332
11230201303322013213320301320333
00113133001210002212011133313321
12112123033301312100133231003030
32203133033203220320120210032301
21111112223130220022103221030120
32030213000032131332320133013030
