32 32
33332102302302032030231133121030
12023301201301231033301012033101
02121301012210101230231030210332
23020031313030123131222003300213
10302333013323103210123231330231
01202122320323210211132121032231
32210120101121311122012131030030
11112220110211220131201223320330
03321231323201302332331203001222
33030333021013323023133212110222
33001223012003330130320231303232
31102013032300021202302132003322
21231300210230001232330102121230
20322120323300101330021301233121
22100233011222210232200023322022
11021101102302130303123132030020
12201320130310310323213201301322
31211000023231201331331120133020
23230233330123232113320122111001
22031333332302121013332300311202
31012122320223020201000302130001
32310210332222332001121302223223
33103200113332302201020301021103
23100313020313312203231133213233
33323022231010203331233221011112
22312111123100201022130021310000
32323332301112122132221111302033
13102322022103333300130202030003
31131210301301132300210100310023
03013030011022100323221000012033
33022212310213303322103210030020
31131013030313223221332311020200


33332102302302032030231133121030
12023301201301231033301012033101
02121301012210101230231030210332
12220033002132302003131303012313
01232313302311030233301332310321
11321210322310120212232032321021
20121310300303221012010112131112
12012233203301111222011021122013
23312030012220332123132320130233
31332121102223303033302101332302
03202313032323300122301200333013
23021320033223110201303230002120
23301021212302123130021023000123
00213012331212032212032330010133
22000233220222210023301122221023
31231320300201102110110230213030
32132013013221220132013031031032
13311201330203121100002323120133
33201221110012323023333012323211
33323003112022203133333230212101
10003021300013101212232022302020
11213022232233231021033222233200
10203010211033310320011333230220
32311332132332310031302031331220
12332210111123332302223101020333
21300213100002231211112310020102
22211113020333232333230111212213
01302020300031310232202210333330
02101003100233113121030130113230
32210000120330301303001102210032
21032100300203302221231021330332
13323110202003113101303031322322


2
25 124 252
0010010001100001001101010101101100111101010100110111110100110111000000110011001110101000001001110000111011100010011110001001
0110101100111011011010011111000110100010111111111010001010101100101101111011010011000101111111001010110000010010001001010101
1001011100111111010110000000100011111000101101100001100111011000001010010011101100100100010111011100000001000010011001001101
0011000101111110110001011110011000000010001000001010011101000011110111100111110011011100010010010101000001111101111000000101
0110011100010010000110101111111111010110010111111001100000011111111001101111110000101101000001101001001101111111110011100011
0001110000100101110001010001110010010010011011111001010100101010010111001111011111111110111000011111000000001010011010010100
0100001011100111111111101010111101000010010110111100101100010011011110010011010001001100111101100000011101111011100011100000
1001110111100011100111100000000000010111111010000010001111101001001011110000010001100100101010111111000011110010110110000010
1110110101101100101111001011111011111110101100111011001101100100111100011110110001001110011100001011101001001111010001101110
1110111010010010100000011010110001101001100111011000010000000000111010101011000100010100100000101001001011100111011111101011
1011101101111101100011111110101000111100010110110101010011110001000010111010111110110010001110101011011101100010001011110101
1110010111110111000100010000000001000000100100100110000101100100100011001100000011110100111000111001100010011100101001111011
1010001001100110001110011100000011110101010100010101110000111100000001011000011001001100010100110100001100011011010110101000
0000011001011000011110101110000001010000011000011110101101010100101111010111010100110010100010100011101000010100001000010100
0010011101000010001010100011010011100100011001100001100000110000011010110000011001100110111111000101101100100011110111100111
0100001001011010011010101010110111010000101011011101001100111011001001000111110110111100001011101011010100000001001010111000
1101101001011110111000110010111000011000101100101110001100101000111010111010100111000001010010100111101011110001110001110010
0110100011000010011011101111011110110111000001000001110011000110111110100101111001001101001110011001001011101111001010001001
1110111000011110101000110110101011011101001110001000000000011000010011111011010111000110110010100100110011110000011100000001
0111111000000000000001011001010011011000000100001110011011110111101011111001110110110010110010111000100010100111001011001100
1000110000011001001100100111010100111101110011110101000111001101111110111111011000101001110101111000110000100100101101011000
0110100000011010100001101111100000000110101111111110110101000010111101101101001000111010111111001111111011111100100000000101
1000001100011100000010001101001011111100001001001101000110110101011011100000010101111101011011011111000110101010111111111101
0100001100010000010011110000011010110101111111011110100101110110111101010100010111101111100110001010100111000100000111101001
0111000110101100101101110100110001001011110000110001101110001010001100111111100100111101100000011111001010101000010000101110
0110010010100010111110110101110101101001111011001110001001100011010011001000101101010110110010000100111000111000010101100100
1011011101111100001010101101001110101000101101110110100000100111110101010110010011001000100111110010011101001001101101101110
1111010001101011011011100011000101010011000011001111000000110000000100100101110011100111110000101001100000100110000100110010
0100001101111100110000011111110110110101010011000101010010011111001001011110001101001110000101111000110011010000001100011110
1000000110100110011101000101011100001010100110111001010010100010100101101101001000111001111100111101101010110011010000100100
0000110010010011000101010010010010110100001100111011111010001110111111001001011101001111110001000101011000001001001110010101
0010101000101101001110010000010101001101110001110010000110110010101000100111000000100010111011000010011010000000011001011101
0010000101010000001011101011011111010000100000011001011001010010000010001100000100011010001011101000000111100110000000110010
0110001110001100001011001111010101010111101111101110100010011011000101110111111001011110001000110110010000110000010001001110
1000010011001101110011010011111101100101011111011110101100110110111010001000110100011101010000100111100011001111011011110000
1101101001000001010110111011010110101010001000111011001000100100100000100101001110010000111110001011001000001111001100011010
1100000111001101110010110110100110000100000001111001001000000001011001100100011100011000101011000000110011100110000100000110
0000100110001011010001000011101001110001001001100010111010110110000100110010010101110001010011111110000000100001111010101011
0001101110110111010001100101111111110100010111110001101100111101111010011001100010101011100010111111011011111010100010010110
1000001001101110101000101101010000111110001111100100001100000000111111001011001001110101111100000111110101001100110011010001
1101000000000000100001000101101111000111000010010001010101110011011110001001001100110000010100110101011011110111000010101100
0010100110011100100000100011111010001100100010000000000010111111110111000110101011010011010110011100011000001011100100101011
0011011010100100000010011101101001001101011110100011110000000111100011011110111111101001110001100011100101001110110101110111
0010011011001010000010010000110111100110101101011101111101111111110111111001100101111111100010000100010000001001000101000111
0000001101010100111011011100010011100110010000111000110001101010100110011000001010000011100000111000011110110110000100111100
0010110111001111100101001001110010001000111110000110100010010010111001000000101101101101111100000101111101110011110001011011
1001001000101100000101001110110101001000100111111011001110101110011101011110101010100000111011001011110111001010101111111101
1001110101001001011100001010100101100110101101000100000000001010101100100110110000111010010110110110110101011011101110100011
0100100000011001110100110011111100111010100010101110110000010011000101101110010001010100001011000101001101111110001001111011
1000101010100111001010100001000000101110111011010011111010100000100100100011110000010100110100111010100101000001100010000101
0001001011010101000101010110101011001010101101100110001011101011100111000000110011111110000111100101011011011111111101001000
1100010101001100101000110100101100010010010100100011110110101101001101010101110110010111110110001001011101010111011110011001
0010101100010111011111100111001000100100001011111101011100110010101100110101001000000100111000010001100100000101110101110010
1110011111000011001111000010100101010010010001111000110001110000111110001011001111000011010110110100000011011111110110101111
0100010110000011001001010111000010110010011001011101000000110001101101101100100101101101010010010111100111110011011111011000
0001100011000000000001001000000110100010101001000100001001001100001001000101100101110100000101010101110111010011011010111001
0100011010010010110011010000100001111100001111110111111001111001111011010011011001110110100011000010111000001110000000001000
0000111000101110001110001110110001111110011111100110101000010110110001111110011001100010001111001010001101101111000001000100
1001011100001111000100001101101100110001000110001100100001111000100010000000011100101011010100100101011001110101111100010101
1011100111110000110001000100101000001111011010010101000010111111111010101100110111111100010010110101011000100100100100000000
1100011010010010001100100100111001010011101110010111010010110010001001110001000111011101011000000100100001000101110111001111
1101101011100010010111110110010110010101100110100001001111110110111101001110110101011111110111110001110010110001011111000111
0011101111011111110001101001010101101010011100101000110011001000101001011011101010010100111100111010110101001111001110111010
0010111110101011011110110110111001000100010101110110000011011000011100000110010111100100111111000000110010010010000001000111
0111000011111101111111011001010011011000011011100000000101110001110111000110111110110111011000001111001011111101100110010111
0000001001111111110000000111110001100011111110000110001100101001111010101101110011110000111101100110111101101011101011111011
0001000011011000100111110001101100101010010111010010010010110010001110010101001010111100000100100000010111101001100101111100
0000001001110100101001010011001010100100010011001100110011101111100000100010010011101011011110001111100001010010111010110010
0101001101101111000100101010011001011101100111101011101011011101111000010011110001011010110100110101000100100001001101100000
0000010000101001111101010011100000111001101101001011000100000101110010110100000000110001001010001100101000010011001011001011
0010110010001011100100010000110000101001010100110100111000101111111100101101011101010100100000111100011110001100101111111100
0010011000100110010111010111101110000110000110110101011111000110110111010000111011011011000111001101101001111011110011101000
0101110010110110011100000011110111001001001001111100010000000010001111000011000000101100100101000010010110000101011110110101
1001010010001010000010111011011010011101011100011001011000000100000101001000110010110001000110100001001001111100001101000011
1010011100111010101001110100010101001101010100101100000001111000111111010001111010111001011111110010001000001101010111001100
0100011111100110010000000101011111011000001101100010100100110110111111100100010110000010101110110101011110000011111101011100
0101110100101011010111100111001001011101010011100010101011101011010111010100100111100110111000110110000100000000010011110111
1111001110011100000101100110010101011100111000000111011100000001101101111010111111110110101111010000000010010111110100110111
0000101011110010101110101011011111101001100111010110011101000001110111011110110110001100111111110001110111111010000011111000
0111001001011001101101001001110011100111101101110001110110000001011100110110101101110110111011001011101000110110010101100100
0111001000001110000011101111011011010110001101000111111010000100001000001111101110010011001010110101010010011011111011011110
0001010000010000100111000000101101101100101100111001101100111000100110100111000111110100001101000100101110110011101100101001
0011000010011100000001100111000101100111010001100100111110110001101000000001001111100010101110110101000110011001011000111001
0101010111011101111101011100101101100110100110000101010001110101101000000011100100000110000001100011111101011111110100100000
0111011111010000101101100011011110001001011001111001001110100110101111000110101000011100100111101010010110110010111011011101
1101010000001001101101000100001001111101011001000011000001011000001000001000100110111101101000010100011000001101000011110111
1010010010110100001101010010100000011001111010101110110010011001110110101001101000010011010001111000001000011011010010000100
0101011010100110001011001001101000011011011111011011001111010011100001100011011101110111000011000101100010001010011011110011
1110001110001000001010001101110011101101111101111110110001010100000001001111011010111111001001100010001111010110000000011000
0011011100010010000110100110010110101110110010001101001100010010001011101011011001000001101100011100101101100100001101001011
0110100011010111100111011101001100100001000011001010010000000100000010011011100111011000111101001001100110110010001101110101
0100110100000111101111001101100100101110010101100110010011100001100000001000100000101110110101000011000010011010000100001000
0011111011011010000010001001100111100111101000011001100011100100100111001101110101101111000111101110110001100100001100101001
1110110011001111011011110010100110100110111011101110000001011010100001000001010000111000000101101001010000101110111110010000
1110001110110110011010000001001101111101110001101010000110111010110100100010000111111100000000110001110100101000111111010000
0111010101100010010001001011011001010110111010100100101111011011100001111000011011001001010110011100100100001011011000100101
1110101111100111111110000011111010000100000011100110000111101100011100011110001111100000001001010110111010111011110010011010
0010100101100011111111111000110111000001010110101101000001100111111111111101000110001101100010011001001111000110001011011110
0100111101001110011100000001101010111101001011101100110011010010100010001010010100001010011110001011011101000001110111001110
0001001110001101111111110000101011000111010100100100101000011010110101000011001000111110101001111001001100010001001011101101
1011000100000011000111001111100100110000110100101011110101110010101101010110000001101100010100110100101100011111000110100000
0010110010100110101100111011010010001000010100010000111001110110010111101100011111101010011011111001100100000001001110110100
0110001110001100001111010100111100001111110111010110111100100101110101001111111011110100111100100111100101111101010101100000
0110011110111111100010000111111011111101110100110111111100010101011110110001101001001010011011111101011000110111110001001110
0111110011110000101100101111000101110010111111110011100111001010111110011111001001011001011001000000000110100010010100111011
0111000001110110101110000010010000001011100110010000011010111011101011101011110000011111001011001000001011110011000110110111
0000110101001011100100110001011101111011000111111111000010101101100011011101110100010111001100101110001010100111100110011101
1111110110100000011100110110111000111000001100010111111010101000101101110110011101101111100101100001011000001100101010000111
1011100001010101011001101000100111110001100000000101101010011001111101000100101000101100010100111011100100000100111110111010
1010100010000001011111000001001100000101000100111100100001011100111001001101011110110011111101000100100010101110101011000000
0011111100100001001100101011100101110100100111001111101111100101011010111000000011101000100100100111001010011110100000111010
1001101010100011100010110001110000101100010010101110101011001110100010111100110000000001011101111001010011001100101101010011
0100110000010000100111101011011110110100110000111010000011001100100111000001101110000000111001001111010000011110011010000011
0110011010110000111111100010100001001110101010000111000011001110011011000101100011111010010101001011111110111000111100100101
0111110011001110010010101110111110001001000110110101100100101000100111011111010001111111001111000000000100011111010110001101
0010011101001111011010001100101010111111010101110101010010010101101000101011010100000111010010101101000011011000011010100010
0111011110100000110010110111110010000010110100000001101101010101011111111101110011110001001101011100101101011010011101100010
0111011110001010110110100110010101100000010011011101011101000101010100010100000100100111110011101100101001001010000000111010
0100110110110000010001101011000100010000110100011011110000111110000100111001000001000110111100000101010111011110011110101000
1100100100000011110101100100101010111011010110111011100110011000000010111001011100001100100111111001101111101101010101110010
1000100011111000011110001000001101000111001101110000101010001000101100010010010000101110000101101001000011100110010101110000
0011011000101101001011111100010010001001101000101111110011100110011000011011100011000001001111000110101101010001101000111100
0001011110001110010010011001110010110011011000111110000000111000011101110111011010011110011000111110110011011000111110001001
1001100110101101111011101110100111101100001000110011100011010011110100011010110100010010100111110010101110001010101010100100
1110011100110100101110000011011011001111111011010010000110001110101101011111010111000110000100101011010100000000010100110100
1100011100011101110100100001111101100100101111011101110010001101011000100001001110000011000110111100100111010010110000000101
0010101100100011010111111100101111011110111110011000011111001100001111001110001010100110011100000011111110000001100010010100
1101101010001010101111100111010101000110000000101011110100000101100101110000110110101101011100011110110100111100111100100111
1011101000000010110100001111000101100100000010100111000010000110011101000111010001110111101111011010001110010101101100100001
0011000011011001001000001000010000010101010111010010010100111011110011000101111100011010100111001000010111000011001000110011
0001100101000111111110101100001100101100001101110011001001111101000001101101100011110001011000011010000000110010001101010100
1110101100111100001111010110011101010101110110010011100110010100100101000011010000001000111011110001101000000011000011110100
0011001001101010010011001101110101011000100111000101101000111110010101000111100011010001011000100110100110000100011111101001
0010001111110100100101010101111110001011000001011001110100101010010011011001000111100110100100000101000100001011010110101100
0001000110110001111101101111011001000000011011011001011100101000010110100010110000010100111100101001111110111110010110111010
0010010101001011100100000010000011000000100010111000110000010010010111110101000100001010011011010000000101001000111001100011
0000100101011010110001110101101100101000001110010111011110000111101110100000101001110000101110011100000011111000001111000001
1100000110011101100100010001110100101010011000001110010101110010101111011111100110100000000111000001110101011110100110111011
0101101100100111111111000111000000010101000000011110011110011110110111011100011111001110110001000001010101011100110110001110
0010010100011011001110011101011000101100100001011110101111101101010000011011110110101100101110010101101100111001100010111101
0000011000111101011101010010110111010110111101110001101100100001001100111110110100110110111011100010000001010111111011111010
0001100101000000100011000110011100000011001101100111101101100000010010110111001100101111010111011001110100110101000001011111
0100110100011100001001101010010111000000011110001111110000101010110010010000000110011011101101101001101001111100101100110000
0000001000111111011001110101101110000000111101000111011100001100101101100000000001011011011101011001011111011010001010101011
1100100111001110110001100100011100100000100000100100001000110111111101100101100110001100111001100000010101010001011100000101
1111101010011111101100101111111110001001100000010101111111000111001010001011011010111010100011010001111111000010010101100011
0011011100110001000101000101111111110110111001001101011110110110000000001101110010100100011110100110100110110010000001110001
0100010010100101101100001110010110010000001001011001000100000000010100110001010110100111111100010011110100011011110000100010
0110110011000010101111011111001111101111111101010001011110110111110110001101110111101011010001001001101000000010000000001101
1110101010001001110010010001101001001001010101011010111011110100000111101110101010111100001000110001110000011101000110001110
0000000001111111011100011011100100110010101001001110010011000011100111000100101001101010101011010101010101000001001101111000
0001101110001001000111111110000010111111111100111101100001000100000010011011011001101001101101101111110110110000000001111001
1111101101110101111010001100111010110101100101000000101000011111101000101001011001100010110111111011111110110111101101111101
1101010111100100111101001011111001001010110111000001111101101101011101110101001001100011011100011010101101011111110111000111
0001000011000000000111011010011001110110001111010010000100100110100000101111101110110111001001110111011001110110000101011111
0000111100110100001010010100111010001010000010101110010010010101000100010010101111111101000011010111111001110011100000101100
1001100100111010101011011010101111011001001010101110011010100101100111011011100010000001010000001011000100010111111000000000
1111101110110100101000000011100011000100000001000001111100010000001010000100001010110110000111100010100011101010001011101111
1010000111100111001011010011101100110110111000111001101011110100010110000001001100110100011100001011110100100010000010100001
0111100001011000100111010010010011111011010111011101011011111001110010000111011011001101010111011000000101101011100101011001
1101101000101111101000101100011011000111011011101101010101010111000000011110001100101101101100011111101111011001000110110100
0001000001100110010110001100011111110111011010110001011001011011110111101010111100011110110100100011101111110100001010110001
0101110011110010110011011010110000011011000110111100101110110010011101000001101011000010101001111011001100010010100111000011
1100100001101010110000011101010001011110110101111110011000110010101010111111101101010000001101011001100010001010000101001100
0001101000101110011110001101101011001100101101100011000111100001100100100111010000111000011000010100100101101110001100101101
1110101001100011100110011011000010101111101011011100110111001011011010110111100010010100101001111010101010110111001000011010
0011101110110110011100000100010001010101000001100101100101011100100110110111011001100010010001000111001010001100110001010000
0000111001100011100011001001010110001111111101100000000011010111010100110000101000110100100111000100111010111001010001010100
1101110110001000101111110011000111111000011110101011001100101011000011101101010110010110011011111111000100001001110001100000
1100111111010001000100110001001111111001011011100110001011100001110100011101100000111111101111101111010101001011100110010100
1000000100110010101001110001100001110010010101100010000100101011010000001101100111000101011101001010010000111101101000110100
1001011001000101110001101111101001100010010110000100010101001100111001010001001111000001010110110011000100001110010010111001
1111101010101010010111110011100110010111110011001101101010001001111100100100010000111110100111001010110110010011000010001000
0100110000110101000011011110001110110010100110111100111000000001010111111101100101110100110100111110010110001001000111100001
0100110101011010000101001010001001001100011100011000001010111101110110100100011110111000011011001100101010111101111001100110
1010011101111011101100001010110001000000100100011110011100000110101100100111001001011011000001100010111001101110000111110110
1001010000111011011111010111011101101001000111011101000111000111010101110000101001110100111100000110101011111000110110011101
0000110111111111010001010011001010110110000100111011011111111101010110100111111010001100100110101100100001100000101100011101
0000100011101011100010001110110100010001101100111001111100111001001000110110011110011101100010101101111111001011010111100110
0001001011111100011100001111111001011101101011110011001101001110000001100101111101111110010110110011100110001101110011100101
0010101011111000001100011111000111100101111011100000111001000100001010001001001110111100001111011000111011011101110101000000
1010110111111001011001000100100111010101110111010001011111100010110111011111111000000101111000001010111001111010000010001101
1100101010100111101001010001100001100011011000110010010010100100100000011000001001001100000011000100010010101100101111101010
1101111110101000001000011000100010000010010110111011110000011100010101011110000010001001010011100111011111001100100100001100
0101110010011011101111000000011100100110110110010100110111110001001110101100111011110011100000111000010011101111001010101010
1010010100011001100010011010100000101001010011110101001000111110110010001101111101100101100110100101011100111111100101001100
1100101001010110011000000100111000101000110011010100001010001010100100110101110101101101100100000011110100101110001100101010
1111111001001111001110110000000011000001101101111101001100001100110011101101110101000001000110100000110100100011111010101110
1100111100110111110101001111100111110000011001001111000001011110100100101010000111010000100001110010010101100100111110100011
1101110000011001011000011011000001101011100111101101000000101101101100010111010000110110101011100111100000011111001111000100
0001001100101101111111010000111001111000111010100111001101110110001111101111100001100001010111011111111101110000010000111011
1010111101011000111001111010111101101100101100010001001001010110000010110110100001111111111110100001111001010000110100110001
1110100010100111111111000011111011010010110000101001111010110101111110010110011101001111110000010011110101000111001100011100
1100110110001010111000011110111111100101101100100110101100011001001101001000011010011010110111010010111111011110111111110101
0011010011010010100101011011000010110101011100000110111101111101001011001100100011111001010111000100010001101101100000100100
0101111101111111011110111100110100101011010001111110011000110111011110101111000100100100010001010010100111001000011110010101
1101100011111001011001110000101011000101000000110011110011000010010001100010101100111000100010101110000100011010011111110000
0110100110110111011000010111110010111011001100101001110101111010111000010110011010000100101100110101111101011000011110111010
0101000011010100000100010001001011111110011100110100000101111011001000101101111111110001011111111111101111010001010000011010
1110110000111101000011010001110110011010101100110010110101010110110101000000111101001011111001101000111001110001111011011100
1000001000001101000000100111001010100000011000100111110000001011110010010000001101100011111111110001111111001001110110111000
0000010001110010011110101111110011000111101110101100001101100100011100011000000100111011110001001011110111010101010000111111
1111001111100101000011100101110101100101000011111111000100011000110011011000101011001100111000010100000011100000101100011001
1010001100110100000001000011110001110000011011111110010110111011111000110101110111001000100110010011001001110110000100100110
1110101011110110000111101010111111011110100110111101110010100111010011011100111000111111100111010110000010000000011001110101
1001101001100000001010011101110010010100000000110110011000010001010010101111001111101111101101001001001110001000100100010100
0110110000110000111001100111100000000101101101001011001100010101010100101101111101000010111111000101110010111100111000100111
0010000101000111011101011010001100110000111111110000111100100110101100010001110011111100110010010010000001101010110111101001
0011100011001101100001100001010111000010011000001111000101101000000011011110101001011010111011010010110000010101101101101110
0100110001001010001111111001101000110001010001111101110110000110101110010000101101000100110110101000011001100001001110100010
0000010000000100011000000011101000010110000000110001010110100101111110010000010101101111101100001101001111101110101011011110
1011001110011101100000001101011111100011001001111101011001100010001100110111011100111010100011000011111010010110111100100100
1010001010011110101101100111010101011010001100101110100110110101101010101110110000010000011100100010000110111011010010110010
1000000100001010000110001110101011010101011101110110111011010011100000100101011011101110000011010010110101101011111000110001
0011011000111111101001010010000111100000101100111101000111101100101101111011010010000000011000000000100001010101110000011011
0010100101111101100100101000101000110111001111100111001000110110100101111011111111100000000000111101110011100110011000100111
1010001111100101011000111000111000111110010001101111100011000001000000101010111000011001010101111111000001110101111010001010
1111010100101011101100100101101111000110100111111101110000111101011101011110100101110111001111010001000100010111110010010110
0100001110000100000000111000001001111110011001101001000101101000010111011111101111001101111110100011100110110100011001001011
0100001000010001111101010110100001101101001110001100000101111110101011111010010001010110111001010111110111110001110110000110
0110111001110000100000111011100111011011110001001111001001111000001001101110111111110100011101001101010111001101000111101001
0011010110110010010001100100101110110010101011100110011011001001010111001101011101111110111001011011111101010111101111111111
0001011001000100100111111110011101011111001000101010101111110111111110001100101110111010011000110001111010111000001111010101
0110010111001000011100000001110111111100001000111000000110010101011111100001111000010110111111010111100011111110000000000011
0110000011110110100000100110010101100010101111010001100100100011110110111111110111001111000100000011101001001010101000100101
1101111011100011111101111011110100101001101101111110111110110011001000010000001100010001000000100101010000101110110100001001
0100110100000101101011111000001011101000110111100101111101111110100101100000111101000100001000001000000000001001000010110111
0011101011110111011010101010111101010101000101101001111111010111001101101011110011011010100001001100100011110110110101011011
0110110110100000111110101010000001101111101100101010010011100110101010110000110010101011110101011001001111111111000000000001
0101000010101110000111101001100101001111100000010000010110111101101000110001110100000100011010101001101101110110000111101101
0011101010101010001111110110000110001011100110011000110101100111000100100111011110110110001000100000010100010010100101000101
1100000011111011010100101111000010100110100010100000100001001010110001111000100010110110111001110010111011101100010111000110
0101110101011100011000010011010000010011111110100000011001011000000010011011101000100000010111100100010001000000101101001000
0010010001101011000011110011101100000000000000000101011100011100111100001101000110010110001111100100000101100100010110110001
0000101011011110001101010111010011100011100011110001001011011001000010100110000101100111011010010110100001111101110010001101
0110010101000001011110111111010010101001111110111000101001101100101010100000100000111011010101101001000111011000110001000001
0010110101000000001011001101101111010110100100000011100111001100110010001001110010110010001111100000011011001101010100011010
1100101111001100000011001010000011011101100010000001001111000000000100101101101010100110000001101011101110001100101011000100
1000011001110011011110101111000011110100011111011110011010001111011110011111001011001111100101010000101100100011001001010110
1010000010011001110100011000000111011101101011100101100000110101100001111100010010010101001000101100111000101010011001000111
1000110010000011101001011100010100100001010111111101110000110011110011101010010101011000101110110001110110000111100001100100
1000001111110101101101110110010111010101010001011010101000010010111010011100001111111010101011101110101001100100100000000110
1110010100110110101011001110010011011000011100100111111010000110001010100101110100100001101111111110101000011111000100111001
1111011101110100000111111111101011010101001100001000000111000010111101000010001100111000010100111010010000010111011011001110
0111101100000100011001101101100010010110000111100100001101011110010100001111001011111000101101100000000001101110000101110011
1101100011101000010011111001010001001110000010100010110010110000011111001111110110111100010100010110000110000100110111001010
0100000010110010111101111010110101111110000101011100110110111010100011001001011111100101010000110000101110001001001101010000
0110010110010101110110111000101010110111010001011000101100100110100111101000000100110110010111001011010001110110111101111101
0001010101010001001011010100111101100111010100110100110110101011010101100111011011000100011100001011011100001010011111011010
1001011010101010000010001001011100100100111111101111000001101111010111001010100001100010011111111100101011000111001111110101
0001000000011011100111001000100011100100010000000001011010010000101001011010001111101011101010101010101001110111111001111111
0001001000100101101101001001100100110111111011100110000010011101000101110110110001010110111100111011111001110000110011000010


26 7 133
0000000
0000110
0100001
0011000
1001001
0101100
0011111
1100110
0110110
0011100
1100111
1111101
0101110
0000100
1000110
1010110
0101110
0101011
0110110
0000101
0100111
0100010
0000111
1110100
0101111
1111110
0111100
1101110
0110101
1101011
1001101
0000001
1011010
1011001
0010101
0011101
0000001
1001101
1000000
0101001
0100001
0001001
1010110
1101110
1001011
0100111
1011110
1001100
0011010
0000111
0000100
0010101
1110101
1101110
0000111
0111001
1100101
0010101
1010100
0000010
1001101
1000000
1011111
0010111
0101010
1100011
0100110
1101000
0111110
1010010
0010100
0010101
0000001
1101000
1111000
1111001
1101101
1101101
1110000
1101110
0100101
0110100
0111001
0000111
1101010
0011000
1001001
1001100
0111101
0111000
0001110
0010000
1101110
0011101
1000011
1110101
1000111
1111011
0001111
1001101
1111100
1100010
0100001
1010100
0010110
1111101
0001010
0000001
0111101
1111101
1001110
1010000
0001000
0010010
1000011
1011101
0101101
1010001
0010111
0101101
1111111
1110011
1001110
1001100
1001101
0111111
0101110
0011001
1000100
1110111
0101111
0111000
1101111

