1 10803
2 10021
3 5788
4 2534
5 912
6 237
7 75
8 23
9 3
12 2

0 10080
1 9102
4 8161
7 6903
10 5610
13 3861
16 2425
19 1200

3011203031322210201331303211303011101100030202211322030123310203322110001221302032013030102323023322111232000203113001021003300033223220100323222212100331230201303120133233301200231013310210232223013310202303010311212131231002321222001221031302133310011021
2203101101231122201213231010223122031102120213211312100121133333301213312013210312131133312212012002310101202030032121000102303202312131310123233201221230223302313000111313021330301322303233313323312311212213033023223320012110230102131033121220112330212010
2230023130122120321111311122223032130222231330333021122123322200021331012220113303313222131033031033323112102112113311332301132031113021313312031110211231212321020312201031121113220130211111101330022121013023002023011313213310030331301331221222201101122333
1333222103321123121212320022122333023111312331200300322112020020330010112132103113120132321003022202120322113102330102211333203330323032113011330132331232213212003301122320201101012120123020311332301320322230200100320331230020112132302111310213320001130031
2030310203210221021302302000022133301003122221010201333013230320003033132300212011120302122031003303000120101331223122320020301121101111023001001122202302231000201003111233210230321122210332122110101313332123212121300303203012133310102000202200332012032202
3331000113301033310112003202121202301102333203102221001312130021113123210101122112002113321111120233131103111322321113200021301220112211302200321133323300202022000320132112023001312010231310131003203212332101131203033231300131320200203010111111113113232333
0213333133132112211123030211002010232310231212130333002131112302123302032331311320302020301032023213331320231011313320121131301303013233223311001212212332232003200103230320330101133201213000000032032031211110222133102031330301231102231003130101233032011132
1313021120033203030303101130331232210023133112211302113300223031002311313121223113022032321213112310220130333013023323320011001013213310321300231230230332003220201010122001120120310212131302031200232310022031122002003201123101121031330211000122010330022012
1031003031323203022330313231212113222200130121001332303102332022020112103031002101310211231300130012322032312113333111001011322111030133013302300103322230330322130303313332003312203011321032330130232020321123111300000022011200302032000332112312201102020023
2120222100120320323301021022230231130322301330231112100122120003211331213222011333223220011232022133010302311112230332110100301330221022110331102221222132323123102233101111323003110200321210002001202133330022100013301223011131333111300323200312122210102123
0331101310011023033113133130300311102310310222331120020233330132331232311311130232122013233300122000123102120111103202322223130332022333131020012213333202201021111122123123210111001030101321020220002123133312021023112100310302001312312131022200303001312230
3103211313030130201000212103331202221013012101233201000113212303322023031221113221031020201110120301030100133002203013131311031332133022312121100212020032300223103003112121212132103010223203332131010022323313332223120133230010320000322122122102313213013113
2300230331300030313010311130313113123131023230211203331010333032302202222331000021020212230202210010120210002212101000112132220132032302311212311011133311312221122323301222003132212231102222022000022313133001323120031202032033303010230323010300002003330321
1233220312022101131333223211222210111101233302102030303222211212001002301132123231020113010222200023203220321312121111321132232020300201000132302223201001330000231310210212102300203301003321301212333320032111030223212210302210031102312130132302220210123303
2313120120220031220131031301232120100300132000121213103332312030313132003030031212022030310301313303003133210101211003203030330310003300013200122123333210021223320230321112201132312023133221102230210002313132113323202202321313320220012332000030120112021022
3200101123130333220221232120300231032323333221322120302203230121211123211223203201220030030011111102322323030202200001102230212003200021012121312231032102032130320020323323031110323221233100031311202010321021202103131230001021130330200000031103310221323231
1331203112202131103210211110021001013333213100312102012320000220220233003323111221133230331323033313132101123101023100223100222113101002123333100320102133111230333102230212332000222312112331332011211032012102000313220002330203212102222322113001021200021232
2033331320222310321330122032302010313212233200103300013233301100332303013321000013310332313021023023130132013000031103310320121033032203220121222010212101133033222131302330330300213021112101110002311120323031110122301220301332131022333232310222000112020103
1221303210300132031201100131012332031122300121010100121120113210022323132112201132211212210023303033012132000131331101012331200012230222323101331023002030100320303223230332001101002103031002123033203221101103333132331333302002201111332320201303331323333333
1020301231130101311002231121031303023330123321212131201301221132103233010031112321213002320012020032111031321101120132113301210202330131130212012301201223110231332011031311330330101111301202032132211111210230233000332000000212113222312322120330121031013322
0010110031220231101130212233310232031031031003303102300330223120323201300200020000323310331321312213223031210233130012333220131211000232022011120201333220121203310213330330111110131111321233120130033031023012220122010210110113301021322100122323220223010002
2303020200000313212023010222011002000002303023231032001322220300201000122031211330103103023212320101230013203003132122320120010000030111021202002211310212111331121001113013023313121221010111312113003021131322301002011132011010202312210301010010132220100100
2322220011323201121021020332330002332303312123222330300103210222333210220011232303303230001001231222120321301211303200213301001111013320321011023302313213332133331132201203021120023320311120123110021011002331320211133330232113212103331310220202300110231332
2200300111113232102331323222103300102113301322322231233032302131310323333321303213302213220023330323132300131203221101121121110120202210202302110022212120322130003223323321303132200302222011323201012110121231013220312300331100303020113122010002031320003123
2303311110212232012301030000212121110123201003100221003102121110323002111300330001332220101033202233321100203132013002121133202220133010233333010322232322211032202001011331102130220010323331222333201313230020013103113330131122001331130331332301210110002202
3320103112122202322023223310232103323200211010102122331230331213231132233132102220222122211202010322012113033000031223231220202021112222230011023202210002313113322322100322330312023220121331331020212233302321223011101310222312133033213131102333133003200003
1032302210023003321133032303111333131312022323303333130311311330010031023032113231123231210121123003131002332211202232202212200232223212001022112000230022312102100023213312300220023103312002311132120033321332210133232320310332312310120202303210311303313002
3113233321222132221303330121213301233200231133213131201021202020330200311311210030100020303121010120102033103002231212310001000302131010103021213313031133210202300301201022111213202200111112331102310003133212202111230010231132223121132001300300333113120112
0002232301001200302112031213322201120230300103031231101302232133003313023111213321002130032012131312103002202131330012230001210312110212311001302110310032001021121322011022313320023112232003133013330202301131220013031131322231003123023221322303111203002030
0110230011321100122311121023112232033310223131132102030000332033031311331212231013023200010301230111302333310311101302232213031032200120013330020223003223020023010102101123330000020033023312102301002131322312121312123030320230311133100120203000232313311021
2101332113122213202202331300232020012220033111103003202102032232320120121211120333022221102231010302322220101100133231220113013103230333211301222013313020133112210011033303020211000003310012133013322203132103313310331121323122033312022113033201230022130130
2320311310223100313332130323310333002021013132133130210000210100223000001323321110300133123030132213121311313112320010012030030032322223023133103302302300031223320220312003013011031212100211332230030103110003313030203110212321113132022031332110132332322033
1231003013102130021001003133101001303230123320102110203031332021233000030200333120321032203123101023300101310123222020133311030202000203312221323300120213033130103323333310112022211210301113332022231013120021030201123210302231132121212012332012331333313220
0220210333221321130021201222033033220300302303211031011033223232033121223210311000122322131223132031231032132123311221020000013301220023333012102222020101033302021001232020020210011001233322303102332211302030111211301201223021202200300323031202123001202032
0131131201323022202323013011212222223120313022222312132021200111220302220313021011203113230232031001132023211001302310102301132230222232032203000020122210301210130023301102020131211002013021330312220301132102202022310130320110110120232302220210112302222322
0201003112302011100110301212330213123210203210222021021321222302231233030232222232302221332312330201213013111321023302230130113331001210210322123101333200101023120331123311210103121113321221033031230333012210111303131200020230100220220133033333123302013310
0333103013033310332301211112222113311011132000323211103122131022220012120210021021213212001303300333232012311131220000202030021300013320322122011202312013133130321120121303111033113311023030311200121233332332201211223330313323210032021232220230203032202022
3121021023311300110011220233103010022200223023000223203322320230202011110003200213220321303332121320000122333220011023121200333003301212110203013210012032201112222310001300201301211231221033133132003011122121023332331212000002123322200210320220311223112322
1322201003233320013033100013201030121231221232213233132033213013321323133120122230301033023032311303203300301313311201031033133033103332033033001100122231230231220013012331100033033231212102230210110023332100102013023311202323211012323233030233200103311331
0010302102120033313303132121230310200000001132322321013232330332101223120132201231012010322303033111102122323032211312132103213302233200103302333213222202330222022302320101111210130003002323223310330113203132211130303233321112113313001112120330033300033313
2010321121321313131220022021101032320323221123322030103001102200302320102330333112032102120022032323122332323131302203100032130212313312223001111301122202101321020200011200321121231332003130033213122313222212210333110211221333303131313103102200130323301203
0202011303300113310321002232333330220013311220113020022333330001001132100203031232013322101123112022133133123201133001321133020033010103000302021220302032122222221203203211002101121032302130101100012210003200023101223220210223213130213100333232131020000300
2022101313010320020310332230103031300200013213302111120120001120002210031120121120102202220312132122202220302010120300211211333100001302302322202102113202130221013113202213031222022121223231211132113031233213101003331210021230133202222213200332020013130220
2033323121320320231210322100322301300003032300021230120201232022201020112101212030213232230130120201221110303112001133311311003311133033313203211312120100202330113300020203331313210232023211021333110313012110012123021331221303222102132203132230231012232010
0322202313122200200012130223021000010310330331023230102303300223310102120122321022000003330103300033330203001323312102223133301312330311132111331323002122330213022112330333330011312120320011222331113303013313213131323130001233211123200122023322313021222030
0231231330211121003103221303221021013301033302100212123230033110120130033230223113013121312300202212231002201023313231320102103202123131130123101212100202001332212230030031223331120211333113133201103321123101111030200220331103010023210030222112200132102210
3132010220121031201133223012303112223300201320213210210032112220100213101320012222013121123120202322002230113133301102001011010323102033321222333102013033200012021320320102111301133001231123122302021221023132103003123132213111020321021333300130122331321002
2322030320203310230320230112033020010032132021013221011021001201303113232321303330022331112303233103322023231321123303021002130300002203221200211021231121210032012232100010222221233113100231322233211001131011121120111010321301330013032101033100202021232303
2010012110232121333300201300233112331021101302230312321022022130011220311022220030323120210330231113300321002031031030003012023111132121130103302001221313012112303012320000233001321310113012231123212011000113222012101203211201022213231212213332001100112012
3333321221123000210302123221010323222110313311131210303113013323121302112201020301212321133331110132303323203012331121203012011123122302133102223001202312200303010121021213020230233133023003030101113320013212111311323211320020033301001000113321222222303202
0322320133301300222211000231012003013013031223211120201301332330222122300330132323202200110220300022330113333212231011112022213002120122103222021300133130002033021213110331300223030331112201220123013213001123000223203000020211120303100132001021220223113332
0121332012131001003301023012311101021031310023013000113102211110132121010033132312012210103110122130010223332111211313103211001111102102321200311110022101301310001111200033031100111030112110102030013002231220122221220323101013232321101113112010100022331112
0012321113222223111022002000000321333312200111031020221300231332102110201201320112321132201220012021330220000011101322213101133010032301232111212010213311131313310331201201103030302333113233030111231231120321030023312002331001123313330003123020213001212000
2102230112130213231033101123020011002003121033210011120010232011323111030221300103001022322031021111010121012210330030201320032022110230211303310033133110301120222223120032130101221002323311112301100102311120201313131222031022011110213222211113220312200310
0313213012121332300000210311021031123002323030020112300130122031031013230123221112221110121302301121210000313331303021111212100201301322201003322213311331113111001121111213021120002113122103321020211223221230230202321131300320022112110301202123210203323030
0101200120101301110103320002222210000002332033002010210230103111103113133022212010201031100120233110330301132111201012312033030212221003222203220303110121033131201023002020312222130013223030021213003323213220230132030023312111110031020223222010013100102323
1233031123221032232112021120222200231112001301300302021233312313303313003102201010331130023233330320211022300323332311021301123303010112110003102203012201033010133031233101011012211303102212011330331103232332321220303133310011213122022031103221202112020100
2022322211122211320120303133210232220303333102202212232013102123121202011023220333032030200230012200211002200220232300312013101012303212100212000111301122303010322111323312123100111000131220201313133013131103201303310221031213322211303013202222331030121101
0121321130330021200103022111120202030031321203331310313112022211031002333200312233110330133331211333113002001301022112232302331231213201021232232112323211113121111303003130111321123223312031101101203130032130113310302213200133202103332100212230223300333333
2222100322311301112312033222222222223001311220012103121212311121313102133010323012133120122132011221110233121232033101031302033001202003133330332010033200222331310332233023101102021233100013003303320010303012220312222133200023031201311121001233113120013123
3111223103020010122121131301332320010231013000130110212000001330103001010111330123300101103301321000012001012121320001011330101231202222302301230200111331312102320311010302100132302311000203100211222110130023010313231231003112302110201221322102221232031230
0321333331230202213321233202200330300110111002330101230301322310321021100331210022203111133102212100033210103323213111122320210310321220303202211133331001123330010020131203313113212301131231032122200021133033101221331110222202022211022010130322220333121311
1332002202133121130030101302222110020321320003302203002021021033221020121100020103100103212210202001021302331013221031211112312303122020220233033131123320030003021313200332021012032223033330220121330012310311020102221231023332331202102111022021032102310001
0001203131302320100132313101030130320123020111202012112203303013131330110200320210331231113010301332023212011301123232110203101101300231312101233102211011200232220303200203021201011031233112232121313113311022323003203333321303212300331300021203222033123103
0211303200101012112203113102232222013022032201233020210030312233300200300121132330330113102330302201201021110211021021112212201222332003021131100220330302033120131121121323111333112122003203130003322003032322300122222103230012120131220020231102330311103310
3231311133303000013200320210031311311121211302221002132331203323002022232322201331030020120230330020030220222121233011202021020133313330313033032223231100121133101203123123003203213012021320110211210130002310332113320100132113000031230202030120233120123302
1002203111010112220110130120001212323033022103121030230133100302122002220232021120330022033022312010022021020331130113022132300200002322202103022202223112222210123021130020032222130221310221012322120211230010122130002013012000022330202001012220211000301021
2130313200132333121203110312110232003101022311033032003232022123230011133132213121023321013110320113231321123101222203230120130121112230212023102321102332230201213313321120123130033101303013333323010022010100330133002220220232331000012112321220110232312333
1332310033323301212020112322031230021232222220101213032201102130102330102133200011111100323223300100320230203001010302112321023132020001101200211131301033322130003012220231002232032102213230310202221323023311300032011213102010033111313110132130130020331101
0011001332123233313321110312002333010312120230010110113220120203101332021330020112133212113302320111032212103201112311333102100122311100012232012022310300103120010021301223131203111230102012213103333210021212232301330001111022133223000313213123302331213101
1113121333002101033332103000332332201302110131102310033023211010022320100320101033302013202002002111113320123221222322010032033122130133321223021030333232111212123031102121232221100020230102301333331010130210000001102310203010032311133133011111113000020110
1001323111122202320303332313110122223103330030013002311133230113311310132021311101123212132011021003333032321332013322103213200112023212302332331233122321220332013213033133220213203332013303101213131302320211111221123003103112211311101123032213032000100330
2222331313321311110203202223211022232322032322321322212202001311221203101330033302110100231120113030333313112032021202132200211120303331313333331021130001021113232112131003223300133110313233112221131231302100103201123022313113310021000333022013202230312100
0230010133111023312111023222222131213030230123033102031003031222020233101311223203021132313312033232212230230332333331131112020011021122130333231211313103002202232301013331232021033302032233220200100220201210030133321020212312310112330331110030111203221310
2313133333010020130122012320211213201201332120020120133303102111322010233030220202302331100301033001120232000323033302231021102301303101013122220330132302023311201333011323100010030111222013300231232220231010102320322231111031032021132322011312301330233012
3101321110111131333110012130022331132122233230311011130112311131013011232233213132232001121101213130021323133332033223122311332112121231130030012333303103233212331131302212032302210323031030111110032320313301302020031333330121103211013101330210322211020111
0233300021203301033111331313101313003110311330000112022303330300330300313212130122103133130323203221312321100222202001103101230213133031312202131033211033013222321121131222310013030020322020321233121330103300113301321332303322003010302213200031313203123312
1013111233101313210303302133102112233200211102323312223121310210033300130000203020213100032003000311123210223313102022112231230213210300122322000332220102301330001322011011200001123221102102232233133100133022001300113123032121332201123101100202213301301002
0202130300123020002310230030201231122233230033302232212020331003130003231331313103300133221033033213221202031300123130223102130122300310220010232233101320323213220033322121132000123331233233133010102213202123223223132110210222010033110332011232102100123011
3032100320332200212002220323122112100202300313032323112010110103213200233231211012012021101133010333012200001332031030203213310031212020113310032222133323310031011331232210220311231130221002122203200233323010221313310033000231032000332212000001331120201100
0010112110332011330310310202001101011001011323012202301013313122322013331030220233031021032101310302132313312231131131000221310312210023011313110332021032320122201210031012030021011332332032333333103311200130212111010213110312011310003210323020123103020132
0321331113203032112322210023310312113322322111330211232221022313032310011130132003101210323311303002132331122200133212311020033201103301211131201013231231200211300133033132033210323311213303223320313102302101033320133303330210130031201220322120122232011320
1201022130333230021032131310110323223212102110321130013110012001322022320002102113003300121121122302031322333222213003211223023330012320021220130210013032003002101032123310021313331303231003132220201102001320230001022301101303023103133203331220313012120002
1320012231303133203023301220210310112032211010121221021013303001112312023023121022130101313312030210011330302133022100131111223212203310122100122112033122221212023030033213002101102112211011130002103300003123301110320100031212212300332133101003232003013002
3321200311210003111020330113130011130302121113211301331233123300012300021301120210102231213333003102210022323021103310121120303220200020000230233231101100213223301230303122213110012001103113321132003021301020320303210313200222011001213301331021111113310231
0230222132003323001011323232301031021333232022003211032223000330303311311011321131302033331003320321330222311113221010230230333322220021331100231231232102202033330223212021013311231313331021231330302023201030031231030123220300003310100011101312203203311022
2131003133110331123122011321223301013033312130012200021112201321002011013211130120203100310300103233023112322320213021301311202010030230321301123120103201023030110331101322313313222011213201030021301203132230100311131030133210321333303211213100132132111303
0100130121112202121313110312011312322313000313011102323020131001212103313023222022031132223211321110300211031031010033110223023121010123301120232030303233203001230032000021020110001301232110130301121032123102222222023110221222032313201221003021233130003011
0020330200321031320312133312103223121031230301022213221202231121000311213331301300203323210333131031122032030121110322130313300013021020202010212122200133023310133120003013333112223302311323001311133332231221101133310000101103300013201022112003110331022332
0021021031112132102130121002133331202302013213001120211302200121021031223111030111001320310301332331111312001020101011010223303312023331202003113213120321023311100022300322010022030222011222311011311212312101313220311020300213203320312322123310230121301103
2213031223310133103312002133010223230101200200103233223210331011330202202120211111110221221001101313021033132200200011300113101020221213022301211011203323201020320011322110010113202111323302020221011303321310131331201313000133023203212213130133210223231202
0323010110331010233131113001102203302220203310113002330212223312332111202003213001103313021113311020303213022203211123222012311212013211312323211023233332232200201210111222233302111312302213020003202121231322330310311310333130321031223210333010030230023312
1233001001203030021003110130301330233033211111301311020001212131023222111320010102201313230221322210012310303022000002001211033300032102303313022102301333221031021000333313302301000132331311121222001110020203203211011021220312231223330331010131101231333322
1212330312323310212323100003203030233332013210311203233110132310020103333021002202031200223120321230320200120321213211332000022303120322333122021320300003022102100300232222330002231101331223120003132322221031331300202010100033310131210120333230310103031210
2032230123232132223121131002022023212012011322221312111301132103311322200220233033001133012331223111112020001003232311021322120213022121321232102133213231230213211002322203002212303022133313201222010101213203211032132313233030301001131323232032331121323201
0330222032222110011003133202330311013323322211101200000033113321211313031102313121332133102330321312301232311213121313033102111032133233301013123231212323333131030220122122323213131301120020032130132023000311300313032033201233321110321031320002321133323121
0133102131010303131103321121011331102231033232203302132223212200132031013201202222122200201022112031011331232122133202102001012332021231231320110231131100010111320202203021030312010210002331310331012321201211113322313112330020302320131032221002102103010223
0103100233330301222231012022020133222102022132301233311303110322201110000203323120332233102330032022102032003112221310021210232013021310330302003203000101113010123132031303000033321100011202313101223323230003131101322133301230112232113321013320211223122331
1111001212211132213013202132223211132003232122312003103120330103002011022030203222301231032203131320300212213102223221300003303213233213201023100211022101012023032220300131112120122131133120331200203203323133100032100311310112212012001221312311032023310333
0310321311301203021100232311202221300231032301130210123313132113100233200232020123330300200311310203122231220010233213003012300121333332302300102032330302222022013110223133110033203133220332300100032003011202300332222310202003213223013230012201213212032001
0221020300223301303010322112302330220202121113311122203102002030010032112133203230100332130033212303310320032210321303121300023313012130123321103303212001302133120121221330111011003013333321103322210302000222221032113201023001120031123033013133031121200130
3000220010101312120031201023221232332312111210102222212213011030112222201013113231000310302313223003002200130222322020020312330211000000213331132031300331113221130321310103302100203000201102301132330333221203000032332002200120003200313101301232030020213010
3300123021000321111302002231112030201012220021332023022112121111333202100112233201112112233133232120023322030111122031322300020122012120221002220211202121213131200021102231333003320013303100220002332130213111201000133100302200202200132033110201210231132311
1202213203111303320231112030203203211011201322000003211203031220113103103313100230000010123122002022331321333223121320330223112012130110223300103010330003301302023222232213112332212320011332211322231232023202202310001231130312133202031103303220203001010322
0233020022221323113122230001310110302323033101013223120323300301002133320031032130300221323202302023121332222211130113122022202201121012330032011100230001211302302323101021002121312333310201123230223200221233111220202113322230312303212113103212012132022201
2120000332123321302122331002233203221111311310023030332331012031012111132331101033322233303011103022210132312333232210331021112011230301121022013132000103003023130203103010220333111011202012320302232221011332030011333332123232003322213323120110111123212310
3323333332021311231320121310230101010003220210000221331132230013010200202003012100132131203303112113010003221131331233222130121133301200031021233000230230232111113330220131213311230213112312231210233200112303300121032311212031113031221110221203113330120300
2330321201103123000220231230331131113013032221213000211330100202232022213023130033220320030123131120303030233103033322310023313130010322022220320121312311102023323210122312103131211230222111112230031300211033122201021001113003221011313112223332213130330200
3203110132220211222330211002032102323102331013213001011213003030223100110030121200033223310032231322020113002011001213002003221231011121000123321311232000212313012213112003111000021030120100331012023020031201231301020131313300211300002303330013221212100302
0311123213113133222001133202223200110200301221130202323132101233232023210322033212302231033020203321022310022232102222103200120001002020130032003102330311213110320010022302110001031313121033033232120212033030321330012012200130131312223303122202013130030312
1202021220212003301310211031103031333303310000211132212101022313233310121211131131223112321113032323223122002113101301301321213210201200020032110003311312203003032322110201032201320103320230233301102232333020131000133312002300232132333011101121031310021320
2103133330223233011222001202222313323020101032210021001321303100121001232232123000302201233111021232111132121201310201131233220121132013213133101310132221111330230103221333010320221031320311100330332120300103331111201301013311223220121031122322211011212202
3102322320110012232103322213023111030000023211203212111120323223120032133133113010221102101322132022120121232323322020320230122002313130311210030332120000021303201203312210331020003201113310011113321211321333230323003311321332213312203303021223021112002123
0101130011133330103003132223121011122312232200030121023010332121113131221023313110201212001021311013212112313233021211211010033332310031002211110302332310310222202303021120321020323033222122203133131303203210031320211302130223122233200130020330111300310310
1313103023111320010230323101133211010231002200003003321120012013012022023103232020013212301330021002133230012112023230022332222201222121022222112333232012120323220212211033233101123012130321232131330202300311323310233120213311200203333210211222312302331333
2333220020103211021210303111310210131332323210003313323213102301320231312221301131031020320111000301221320030201131032311100203001313113123033211222300332001212132233023002122021220001120223123213211032213021210112123023031331230013322212130211232311012003
0211132203233120221012103103120122311330312313110002333120330010333003013311003322120023310110001111112223023212312333113120212323323033331113202313223332131331202003223211223003202311033302331222012011312010030022002222000203303222122331003320312003032130
3212303231003320200221000003102003312200220012032310210030311030323221311021002123012022232021122123031033031011023102131300200202332023330021222000032033233333313312332212101311201310013000211123232022121211030132101233231320331130303200313310231210300312
3031232111220021310332221131221221123103313132021210121020101312032030023123220302032002003231010232222300132310333010201001002020213322121012233312000300032203321012330113331230012023121003303303310210203322233301230033103032231032331012010220333321313131
1310100001101320232332303130022201101323011302102232210211310332300330002131303332021211020311211323122203232303201331033330210030130232022212323313232002232212333002102211303033002020220122023013011303122202302021010322233121331001130021032113112001212223
2310123231020203010103321030230101112030101120223230100313111330301112322033202222313012200031120131230030112313233302121211203323121222120011101233003232010132011110311100002130111003100200122012332102112002002020332322331111200221313212112311202312103121
3311312212003030302012333030200303131011220332023101020022231122111021200223201033030100211310032201132023200113233130232100233121211120100101022033011122031301321111121200103000002101131003223231120110221010303313222111210210223102022311002001102033232001
1122201121111030113320101100003100312330113313013023302321031201221323222101121313310003221101113133220302101322130331011003110310123210112333110210331200132213002121323322332312021000222101133122322131312232230303000110020010310200221303330330331322030311
2122200201322332322201011121033112003111030133121321112232032202123021100301103232021100221303110203122103011001131310310110102123023120100200011102133003122330023103130103130302101212012130221232223022212201123321233230321012110122002122311211021021003002
2330311330311032032301101230103100021112311223103122012322222131233223010032011003113013012331013203222312221022032001202100223030123101203131103130032323332020332202302321300312230103232032113023333300121132211011201102121121232130232111023211320233131121
0111221321311000020210122232103223332333312131023303320122020110022111121000121122203223310100022031212301001310301010233010110023121121120302223221210013112212333220132002020113223001123101300021003112202312022113300323302120012323210023203012201023013200
0022123122120020200030310133133303003310020122011223323132033320321323103300313330213103302010103320001113311013000013101011031333302223313000120020032202023213010011203201112011123103012030102323011120310120322031311100321313031201301311112103232123313232
1023032321133211131121133313212303100202311033000112001232231212311112213213332030103113002301012332331023030302120021111031122133320210122203303031031020232300010223232120023131202301132111301011310002000030130031021122220113013332032021203012123133032313
2320032211213210113110021010233100302021023113220023331322031011023033011232233133122302113221302033212211001103223213201321130203320031210221301021032320201000201203211120202201120203022133033313311211023201231233113033000000131202233201013111302332030111
3302231033033133321200210122021101310323211202010331333213020202223330223113110201320311320232320003002020102100330132330333103232211031213233020032120223211002110210330000031203100023001001332100030221302230110011322011003133201313112113101312112001321113
2310132011031330010113001012023212132133233130020030320322201103233333310311000123123020011330210231320023300330130022131332103112211310013321033212023210121001122011100123312102133123033301330030232120312330102230113033202030331211003330332211122032033001
2301203222301312112121120013031132102132031321023112022022302211202331312223032321322023333223212321132331313212000002323101012021023110211121133303000132200231231200032003201232011230220203011211013222200203203220133230022302022011033032103311200112110233
2212303000210012302323020102223102123130202121133030131203011012131023310123023123302300300103310212013303230123231210000001132213130213222322331132212232022100322310111110033330303103003102311021122010131023331011320333112001030300001322121021232010120200
2313020233130223111120033103320131103320130222322020230303122033001320010030111101103012311130033103010332233212010301133021231111223203130203123013310012311011301103031223013201203133210232212101230001332233010011331301011121313220210000323101300320112303
3222023231333000102301103233331120200332313000032312211013330030303323103120213333300230232030303100123011002233230012032322023110220021011331130033312130123122210202020122220121023331130023203212131100001301203322300313003203312321023120212222202003212102
0022103113100323202110301301232001223113101322103313102102130301233103103131030230032020203020233223221331220321203332020211120132331203031302000232323330000213201322313112021111211331231212131001100132200330021221202023310033331031022300032033332201111012
2123213022323320011133113013322012311023220230301300022211103203132101333031001133200021030033223102221310132302312301200312201200121003033311103131232321031200220000011220013301200022020130111110100122202230100101233331103022030013333021223012230231312303
2110200322303113003030313303313022223010122320220330032111000123222121020020222031211213112322223231112100233033132002132102003330122312322313102221133203123221312131321130030330130123233020201312322221030322232203321311301133211220021333133011220221301022
0132221333331030323211030132323212310113033331023232220132132023330310203213102120111231232121103023132121210213331322223031122222232331123002320000203033300030231133310300202312001213231011111112211310132111120032121121323021233022333231302102130002102231
2202233301021003131130120322331203020222220123100123122133120011030202300033202312320033320202101302300303300130210110220131313231111301320122110231000330312230012211132202131011310210213203111010233311023201202000313002131222010323223212011231321110112220
0331222001212113123111100112111312302323301220333233333232102013222312110033023302010111112221123020203100332223013213031302031131220102023220213030231331332230110103012333323031123331031121122013102032123011111020031133303321121331200320221210021322213333
1222131312231111023323000320033310301001231212303013313221002302101312110301203002312000323022010313203011223300121313233302133203021301010011031013231232233001010010322122010322320302101033022000321102200210003032131100233110231012221132110111233100132222
2303220101021122310111203311323330301222013312032031213031133101301300331030122113302033200220002300113033230103032232200131110313330011301301202331322332110013101032130331331110121013311112322333103331101201011100022122002012321102333021010213031002203020
0200023100123132212312230103212332222211202302132211003022302111130001123032232101302321030332023333220301311012013130202110013010111113333211200210102130213223020300233233022110212001003233101221132132032123032221031222013123211100221020321103123223022012
1001223302031021033121312012210233122330313222320012000123110301202113302211100213100203312303231100133121113012012313130203311202031120231303013121333212110003303201331312123033332313213321331033320203112003020131330223313212300202302320321221330030201233
2231120302023330212113220001333203130302120021033311333012221300112223220322331300010321211211013031220203223103120022203323101323233333021232110200001112313221323301320131003102313022101323032101110002213212331320032303110210031120310332200120113232021201
2102110021112033302233111001233002321133211333221223310321101123033021220301230203302200022123111102322023332221303120133201110221310231210012230100203230120031112130103111000122230210303103021001112030113032110221221031302310333030120002312232010302122012
1330332031300130012330123002320301310111011212320223101211032222012310001020003112100020321102212033023020312111333203030230211300123300212333010030223223123023102312133310033123313133220221333020313312120220112011200031130121002231212331331320121211021101
2102202013302323221131130011101203200332230133113012323121302000333310331122122130221310022302203010133131210233130312210322202333131013202022002120020012031130321220300210110203212101200220131003222220330223323321011221031122131211233001101123011332231000
0323133321012223120232313103300120021211220001022330322230120023312013310300321133231132001113131322222013112022312003202120300020010003233022032130030222103032321012221203311110122202313331130132031310211123232000000311300313331003132023211113212203200033
2220002222001200103101210033312312012120313300321033022301311302213322122100030010103330133302033113313012330022300120320012321030100222223311322012020010001110222132012331031031230011333020133112201133020323110011020011211113020002100231211232330201332212
1002312031102123210312013323212312222210222023030311022002010101213022201023230010201122211112012032330102101331022300103132110012030303210221223312113311313200312000210133201120301220023203202313002132300123200221231222130223321020000312212330332310312213
1231101201221003021122011300230130113232220323213300012322002312330333031010213331202101202230330121212001130312031231033133333220102331010013121210032213112323021322300333301012021223133003211310233311223021333000012313023220021030301013213023013320102020
2032201310230313031313231200202221130302331003020031302032301021321221222100323111220023230031200113011111133023110230013312022132200131323002112101032000300231303302020031213321000320222030033113123301330123330210012023010130122100020312223001212112000010
0223030012020020232101310222213301013000300122331101220321013123321011102112131130303112001211200230203330010303112321330120102330301122020300110021032222033232313122232033021202220201303002321221121303023010001213312332202223300331331111301211231123133201
0033321002112223211233001010202312110010330202303211322331330022313233332233000113302332113320301132202012202303302203020310001232031133032321320221223121011333101203000300313203210102112130310123220020320222230320010321003320302332313021303231333311113331
2300032011002012200220013203331103003033232320023310222120233021013111002331213211000013301330320003020003130303321203032010203103120201031211030230313031133022221102210311000220013003333120023001303220123333000302313330011113110101222103022131321033320001
1223003210100123003032330301123010222202123201230231231300223300211111211202230233033211022312100201300133311330210322202333223123123332031303022322111012303202301320002121030013302022200130330002110101001113313111030201330330122233012131330103123020322111
1101021033333200331313020303313131113202002310301301300021031301323032032011222233313223210310111002030002022300022022233311220121123203312323202010130221133332222302013212130033313203301110213223332230033220130031203103212101102013030333120010111101221111
3321333201330313100122102122101333203132013023112333032232130123203331200311333323321022103022022333012323122332321121331223121220012230132011011123303311121320011123323323131132312000311010110200330011332230220232020200111202022112033002222101031230020030
3030330301322201221210102011131302333130222111130133021232123201130023310223221110311123300132211112030010132103221311002010002133000130200221110020103223030003212203111010020020032311221122022303101030130322332131223131303131313202220022021212322102021322
3010112222131132010120233021011033233232210003132011021233312000311123213311012202210132212101201231330311323302233032100203223323003100031202013001011221203222313130212332320303222230223311020232112023030122101221023101300121132012000003231330311102101323
3130222121013330120100200301302320231101303021131232233102123010100213202001002020322321211221122003112302100321122011020213302332132211231321131101000201132131211000202333003001232121211230310303212221213201012102312212311210001303001100011122000123132322
0210132133102323012213012212230112201003021210123002032013221110213320302011121223113202211123313123301222102211320231202210210212010110220103001221030102331201330230033332323321313102301212221230133200032331223212030213330200201223231312233211131001132120
1303302001013003200020232020231021022111221300303023333102130211032120021332210212331020232020231303203323333132223332231210221321310313131021110010331120320100022323322120300021130030230211121222023333230112222220012330020003210302110312230103301323321102
0110000010123112131222313030011111120133002220023110120230021031222302101000332302312333200001303022012123332210031012000320010233200332020001032203132130320303032303101103021311032000023121012212101000231300011033203113010021211303212322212302020131122010
0213102300112031210120231223020200002311330221030030222313330000012312211130311101002122002310031223322321301030201000020011002103211121130120110032023111022203123211103130003122102202310022033023032223112012313322132103122030031121003000200132223101021111
2331110002203202020133310313231231012003123110223202303210011201230023303210100223200203203103030023223011230010110322101301321213023102230132011133213111301023102312033321020202321210132230332133112122131023202332123130103111223031210121201110321310231130
2130031332211323200110123232100212023133300001233013330213130332232023003221212310132331202121101222130230020002333320120331201323122003233102233033211000102011013332003131112221311302223003010300010332221111101213313123123130102320020100033122233010131013
1232321202031011322310303200203200321100110103133000022311323203201212332003322232220133232101310020212031121131112302231232303112223100202311310132201121121301333212031033311132000210313222211121021233121023002210322233213032012223223322201030323301222101
3100203002321103131013113201032213221030233322201002210322330222203311033332112101111332323111011302222131002013333112123032131123011032022011230331112212131003120113023113331122010211233131022021221003130222032031121101123133020210302220221012212102332333
3200320130311313223303231202033210320320303310130213322012301122303231302313130301033323300231201310101222330110231013331201132123201201222212220310001112312321123223301000330103113030221030323203233130101212203020000332310130010012330132111331223020302113
1113011102221111100231233030333303313220212022000003212021300111220201301103332310233223233231212223133221201020123120013103103232012132013032132222130021110302103201121111322013011300333213211020103102222122132012313332123321002031322130100301330223031010
2133030323023100122021001232033102133210210110320233220301031213212320133023031000313032323030111323322231321022333110213302032130303302021322133203322123131023201111113130002211133001131230133212311230033212033202330313231031302102100232203113133012201330
0201302020213103223231122211012311321011232123301330001100001222102302210300313122310021103200023201230113303013003012223231111022203030200203002202003031301132203202001313222223222032312013200010030320000121131202100021110111313122020112012233023101330230
3100333112103113023012223322000000031113330010103132020112100231103220212123233311203211101012123311001130002131330210120112022122333213001230111122300012101302122213113322022120320201000020021020321111000101303303033132122321111202203330332230030111102111
3232131222012132010211031112033010311130301003101100213110133111030122020333131331032331000330210000113010003310030110030012312011011311231023030312010220112303011210310333013301121111031322233330101233133020131312323201221332203002210231023123121213000311
3130021113323330231230033021132333121323230131211023231222133011310013223332210003320210130321123201303213103311003101321200323303330211211010213202321130322333332001102031320230221323200333201211023112021300021011322032230311110321313011321100111311013301
1021113003312000320233302321231002211323131323100123311113200230203002000013120032311202120130133212301021030112212210100210313033223213331202130221222230002232000311313201213123221021303211233123031000230321230013033231311003020322022212200010331313223031
3002001330102022321221220320011102132300333123000012232002001213120212232010310300321331223301210211000202213220332120130030011112321002022112031001103000113300131203012123102113023203132302313223330000110021323232303012032231120210021311300200202121002010
1120211012013231120200101101000130002130100012212121213223200223231011313200232012320002122021022230110110112113101212021330221300203113133301130001331212022221233033011333313033311112003023000010003003133301312011102222311331011011110131122300323201232310
1302133331230122022301121103123103100121333312301301010301011133220131200212311112100023022310232233213200333230033120313002120033202311211321013020121302223023010323122020232330233211333110330233001101123321033123312000023201122333211001111103301222101311
2102232210332200120202312130332233003212302320231321030112303112230021223211133331020223120231013221030120200022210022311013211213032230223011331101001320130210020301103331001323010212113130022100030020230310131201112112210000003020310310313120300030321132
1221132201100023130332122130103210233332320000232001300100332210223102203111101031121131322101320203103332131322202302232020311000312333310212212312100011101333001230121211231231211131320020223201230232323032231021030200310312032332232231330021222031211232
0320320333031302233120100211130021033121120303012120102002003312112232030111200101020121302021213100332011122220130330310300003133321033201101303330131321001210032221332020210003011121121312003033213303213301122021012012023221321330333201032001300130011303
0302132011322302120302012003110332323013213102022211230122120313132331332231030033033200022202002203202212000302122210310233210330203112012013021211000333221011111201332123223030210211102010201321033030202200123120020121023132011210211333112012320000321210
2320011321301212122211331330031123200030222323313302301220000203113200201130030113310212032200133221012322212030222323011233303330102001213300010200312211112230010110213210003000232321123021133132131111323222222233122300331231332230232220023301323330002221
0113133323131231031001332020131023103102123200223111121322211200232302132302110130122213021322132132121111231203120323221302033303111323121130022013331220213113221322320133230200132232100111122202223202032102233303331122123003010022112230031221013213202011
2102122301333123032031321310233331112000113120321102200231330213111111323332223312313320003201213123023021201302033122302021012301010100210132203120120000200031002310220001221030210223301110232010230311020032301220220020010113013220132232003003213021331100
3233032001023003011003220312022321333130202322020203000322232332323133032123310001012130033322102003112210312310033021203220320002010123020312310230003012000012131300223200013233031322132322030012301003333111321132220223211101132223302100330010203320132133
2011331233330013110321310231310222322200311231101232030323332311122213122122121202033321102013012310013113001133303030133001221031131302022231121332203102003301233032331100132202031331203002201020301213010310002000310022332210200300200322030010023122312033
0020310010022100213110132333033011233120123233112131330233300310231013003322033123313122111300003032033330132302310302201301302303211122322323123122200022222012221120300110233332213221103222220310310300211230323123031013000013202200332033013010102101231203
3211321331323333023122201302203221231112122021232113200103130230030331013333303201023002032101212111211211321331123302302022012232210203311110131301123312221110232011232100013302310313223002012003010013203210033311303202031023210010001211231022020331221011
0121321111202210013303332301111032002312100122022221223110213222030200310010121232122102123331203130221002012100021003202133010033202102123031122023210130120010311310010323002102122311132120213231132000211023022112203331013331131113330121112320203331030321
3101220120033320000223101231003000332000323012123123302310322323310133302200312122013130303331132303312132332110003121321100013001122021030202211001031033200302230022002002012012310110113032123222310033122301231303130020022023110001102112333203313011011222
3223222311100222120023000120331110121000320231230011002033112030211012223320331100102103333322313300301221222103322201010122010220003232312122130030120002312122330333032300203300100020132020112231321021133130301222031001320012312332102330330213130022031011
1022030030023320023330122312022001123033010310302312102232203013113313030301300303002221123030221312010212013122301231012222003122101130131131311330013032132312323013212122333130010033010223231031221003100202123203232330012311210231323110031101023121333211
2013333220311020321003320213031002023021021122101022323230223003131333302203311112030332322233132030221032322021213323333330212000300213202113313112303023023232202133321130022230020231213012131023320320203002223120101121311110302131330010200021313233020031
1102133301133031113211333200233110123310111100032303202331011211321310203002300102212220312213213320301323301020333020203023122322333111020302032213212121313213101323031020031320123212313203322321102103012301101221033022010303322102233322123130000002102333
2210031001323110231123201002000133102311012012301232202132222130123231113000320110001333100133223321032110211100333133221212303322111302022122032333100111320211332320003210022210023330211120200303332012003220111011303110133003030301232313010012200212212310
2111032200330310001212303033030222313003120003133023212130203030310120331120001333313120220133033011230311020102131121302011303033213001122133230030233330322123322003032011110122321321312311111033132221123003002033001311333313132130130033313330331320300031
0110032122200121123110300002033213130130123031132203211310322321310100202322030102001210201202233220103010203203133031312323303103200323302320301333132323020333223312122333102032032211200233022012233113032133311032300113203300333230002110232003100113311113
2323002130030200222330010301031021102131112320302120231121101131101101121002230201333011101301221001232323302201000120120212001133222301323101202133320313102330203321201011311333120001113313022221211221102312331321233331100130322122032323113213000322233000
1103133211322032222032102021111122312302313232031013320133222121230003230303221322221033001312313332323311212213232002021102030303222330212131101303023120130331331111212111112323332320000230312230102023202002003121101111133200131313021210103121032220331110
2233111213320002202332110110032033123031001332032310201221313200121110323200113032200320301211220012002300132102030121021210213022320121231220201023020113131113121022332030000303201313030203111210201132231020031320300011330001322020003213023011213000322132
3312020113102231322233303121313102301211333233023131301231300113123300022020331232000223322132133210001020302333123002101020000301002012301231021313033101000113201020012202302212231110012333321210320031311211201110133123320232323123000013020223033120200033
1100013332303300032112023323030133323011132012220020101213031210301210331111301011313020000103330002101221102113310111101200311112313120010132321330302320223321331213131312102103133003322323202013203022100212011331121221223301202200002020003321123322221231
0323320102333331213120323211012100323121210201232123221112201132220133230102133013321123023202120202223230310130021131100032312331320330000223120021223011230312131302333311021202202122131003123030321020312010203210323202001123200011010230221021022202101100
3222210322232001302111300023210302130121110122033220323023223101320320111301223202300103020213133323310222131210132102122112103102000222110302310313001132310322313010001330002033002320313200313311233320100120101322231202020100223132231033331032212023201101
1232113132331020222322230133222013022103133300321301210322013021032302222002012310120100022202210303223012021312223301120302303113233022031033130312033121233121112200311020321131333000001102021000231301031112001122310323023012300221301031130032110122211301
3003302331030123320222010002323130331311333002020301212122321000200211210111123011111323101203220103221302211030202012010221231121303000210120111120133202022000233112232210023121223101310030012333120300313022003303010300121101133111220111203323111013300213
3202223132302122300200030000031133022310111230011323003302323301013230201002002211222120001301221200031313201031203200211202120000231213120221200031002211023030020003002012100220233001221021333110333033310001112003131233200130100211232222233113233221102022
2330233331112333130310133130130303132122110333201222012132233031201022200133033000200012303310222321023030100201021001213302223211322113031333000321310133212100230103122003201011000331310031002020333232200312031100200030102122322303010312123003023121310331
1020023221003333203110211321302203210320111032232212122331320020110120021001013310113202023012233032003213201310303233122032032323233233310002232312231311333020200120111213031031201103302213331203123220303203001012321130021101303300310120221120212302020102
2002300131302221010101230031231001201301321330232010113323200020103310031221022230001203203330231330103303230333123023123131010303233103303213112212220303000322330230201311330203221132032322331031222030000113003033133011333303101230232333122111110130311210
3312023133333122310210000200022020222331102100300211203012203332310120013233032232212303331221023320012013201313321130111112303322201332123101323232012212212210120302121103333033110000113123220203011031131001000311031011022110210321031003022212023300201003
1310300011300231130112212110322113232122201103113021013322113332213003230201123122021123130133221022111122331210300020100121012130020331321310031123110011030021032220300323100002202011112220333032132300120223233131012201103131032132112231000210211203331322
1233020210300012131223302001122111303011112110302210320100211232133310222211323301331303131302133202000222102101111030220103330030001102010030133013213122132330213213132303101232003313221322221003122010203002032122310210003330130002031110312200121232213212
1111131132301020222223112220200121210001133000012203122212131222120221223122320122121220111200031321130313302131201002221012102023202233033332032320030110110222002221010322122220230131103132103033312013013230131321111233322123331323020302031202302200031132
2310100322021102200301103203002132000010301313322100100230330310000211220330303322211213233223333030033002103223011322022211020130210210013312023223313100102223122322022200120120222020133321033202031320300122302100020000202123202331312212313001021310322012
1001003023230001233223311021312230000021022212103233212123220013333130213032200210003023301113211022110310233211203222103333313212131202220131221233312030312130301111003233121323312112110013203113210030012222000101010333313213310103312001100102232212022103
2121230301012300232330013231312331321222010013112013100112121111313113003002320102010100233200211203020332303300300100113202211022011230021323300022231333031013023000022103123330211303323331202022101222130020030230003011330231012032110112001013202321102111
0331302001003100030221130302231131022003312202323001301130003102320023311231032310010221300231310221133333030123132201233120220330320121223301313001030310120310133231120320101210113220023312131033213203121031133311211130220232213111213000030332233012113202
1300231333312001102100232332010021320102301123323130030132102221032200000222213312210100101133321303031110120111233321012123201120010121103323322122332321111030222021102103023321312321131203113133102301313320300002002101200203023233122211332002121111030311
3200312011111301122323021002220312032020003020313022013230130232112323102133231113111300033100010122130330233033112213220001113101223110101330322003303132323101301121301010003013301112222203132210102321222100020200133322031203322200213010310212223003302002
2001213220110122332023200322301200001002023331201012031310133333330123310103100132223210103201023123212130022223330312123003120033120313113012122010203012302231320333302000301012311333202200013113331320300000200122311213112113130131200020212211112112312032
0132223110010010110020331122212221212332322300101011102120330002301010110110331210030211101233331102202321113132311033022033111333121302111213312302222322200100323111333313322233100301002120333323123300222212310030302131230101000212210003030011120323113023
1222200013121222133322101003023213110311020200212120111300101123313223223203002332121232030021232310321321211233302033232232201110231211232231122322313112222033302331012311112112311013011332032130120000331103201212113031310120032031012220201302122001301211
1213003222313211321100320211210331303321201003101300000030220210220330201130003120021303031002120332322330132210032001123333122130133021013203031312202022221121301110001303210200213321112321100320020332303203300020133202120332011312213212020230021023333101
2020032330113012321230110230113013203102322333333213033023222010232012312220311033230001212102122000121122133022130312012120322033121322330113332311133011310023321331030221012320100122323332010020110001210300302321031310213122221112011013132032010211130102
3211022100021200120232033322201021030313120123021022230003311100002331030310123030332032033310211110223322123211332110232203322310003012233222033113120221130031313003020313320200002111232301131331103333203203231131302201221303333203123313221212301112231110
1012020030101233210320020101223211131213133203013321333312003032321101133122002232310312313133122012130101223111011313320003121310102322311120101210011022200022323310130330223223211130311230223223000031333123122011100103111111312323123002200102212201112231
0100033001122011233232203313222000111213320310302013023001221001202110130103303102202301201320002033020212300101120031112011010021221010332211001312201300021121113202133323201201003312300021130122022232122300203312013202112222032010312200230312032123300002
3011101333123102010021212101123003322122202012122323212113202101031111023010021031333010013003203133100012303111303021012211123010311333132203231021110200203021331232222300020310131012011012201310331130013323331313031132112203310222132201330320311332103302
1001303011133303223333311001310103302103100130333220202230230100310223230122210120012033103131032022121103023222123323132332212021102332011130112032002212011221212202012030202220223100131212133312103232030213322331212123311023012203013010001330201023312302
2300001121012011311330231323232103030032131332102300310322231222210010320313002330030203213200220012212112203212001332310020321200130111331112100111213130003220133022303113133102100300013220122030011120122013322123110111013331311302311220220230322323330102
0010233022033100120013011322211322123223211311110333122121212001100221123110321111331302322203211121001133031323013112322232212222012230111201322223022010333100120222211311321211221102113123322033101330101133201130000232122120103010223213311003221201321333
2032303031032210001123103112233200102100333320232321110023022100122330013212103220113000000203310211002033112311110032322131233020132333331122120231233331130123232310111031311002311213012102231012331023313331113103201322333222200322033133132032201132233022
3311223210211012333001302222312003020010002302022230323302110112301023222030002333031011131030011133120003003303330021020111221302301200321331313011231200320332133302323000110223303201001021000210031211323023223003032130333033200001233303133212300032023003
0300102302100113111111011333211032223101221113122300233101032131201011102030013020020023011313203113220131201311212011221221123200230010123201213012101002320011201103000322220222002223001221203223020203213312130112302113122133200312013132223021302300123232
1333220020112121210323013133230302130201220111130221213230220211333233011202210202011030103131000323330331120220013020320003132220201301203132001320113002132131300120023300310331200112201312132131303132112113210132010333030123130020002112233322213112131203
1313031202310313011313320220030003133230102211231233113111303311223320313132031133231102103031112302130302212313310120123331121303220201103133230010302102110132131012303113302200232312111012213323021210011323232333023012320301312321213002322333310121303211
1233211022302221201202211020003333200030102223330312201011201033003220333123331200332203300022030033113013333003103132213231321303202300323213012200301101310333221231312311213102331122210120010020100021101122230023010120311232110311001321311102223313311130
0323100100033033320231031011310302330330123010202310303211333031321200130120323020131121233310222123231231313000111123033202320232230100030110100233313032331313320132322311111332102302301332010230013122010001210130231001031213200220021221300313133112011332
2032231030312320210231131000233101333303030130220031103113010320003203320030031110232322030320212302110322103202020303033310322312220120330311112011203113300120001313312233323321303213123323212302103130233210233202221330232002033211211310011302330112221222
1102200330311331232120110012023331120011202122332212112021311111010220213022333031010300220301030123033110312332223212112333302321013120311303100011231211223321110133322012312010200221100111123000213302320323302131220000011301003020111232231030212121010033
3223302012101231323133330010023030133212113322120013213033203111222312023030133200223223211033310310103111100002203023203002203333121103231113323323002111310121332120302202311323100303022123111231300022130133003223320030212200201203202212220031302202130011
0321311003113033330113123001011303031323332210332102222101120330233202023231020033203222100113223331113033200003301120301231213112022122002233320211220232310310010030321020100112302232101133103223123213323231322022303030002321010012022321012312120201223321
0223113333010223302302031133103012103313200001311300232110323313323000120300321312032212000320233010012322300201312023130301020031010321011020020220200312320322322312030333021001123331301210210123300121311320102333033122310223213102231010132132313100322003
2230222211300003203003132033222332232212231021230113023021210310022121331301001132301020320223011312333112223333221312323001200223220200100111000321333310232123231233202003300223312000212131110010023020112303201201022211101220000322200011133311000003102020
3033210120203112201210221202302310002223000200230100312221000022200333110012330020133031030120120123310200213033203031322300113001311310322223233131001323313320122212313131000300210332301200000200020021330213102231323231303101010212123221320100122030102113
1013203030322301113233021330022221323033101212323020123201323002103003220110022123120122123300002123302032000331302030323013332110202310312331111030103301123002213102321203303200210332121131121332223331200300211312031302002011310331210213133031323222101331
0113312322330332233111102033330113111222132312313001211023321130223130003223211101121103300100232321103230303332120330132303130101012132020100010121312200222223332320303032221011123030100211020123221123133332132102330130321223001231200322110222102203023010
0133011022021123120213002011020312020010211033322130202011211011300220213113323131133102031111331111121200200231102031020300031101100113232123211331212002321223213010000201220231320100320221000020311002010013303230203021321210032230003213223112330133301001
3111021300313330013231021203213001231022230311003021300123032002233030132133113301311133320230220020312112333011222113233111332201002232220301103230220033203231333120103022301302100230113231330101303110333103023110011032121210312123103032310302003310233323
1302102300233103231003330201111010322031020021332001102021122113003332233013312303130311002020113012010103210231132113102223100132322102100223332131233103132232131312323111200221233333123220102010300323220003101033122213111023333110032320023302332122201100
